AK.TNA.                65.55980     -167.92670           74.0            8.0 
  BHZ              0            -90              1
AT.CRAG.               55.46894     -133.12297           57.9            0.0 
  BHZ              0            -90              1
CN.DRLN.               49.25600      -57.50420          238.0            0.0 
  BHZ              0            -90              1
CN.INK.                68.30650     -133.52540           44.0            0.0 
  BHZ              0            -90              1
CN.RES.                74.68920      -94.89620           19.0            0.0 
  BHZ              0            -90              1
CU.ANWB.               17.66853      -61.78557           39.0            0.0 
  BHZ              0            -90              1
CU.GRTK.               21.51149      -71.13270           12.0            0.0 
  BHZ              0            -90              1
CU.MTDJ.               18.22605      -77.53454          925.0            0.0 
  BHZ              0            -90              1
G.MBO.00               14.39202      -16.95547            3.0            2.0 
  BHZ              0            -90              1
GE.KBS.00              78.91540       11.93850           90.0            3.0 
  BHZ              0            -90              1
GE.KMBO.10             -1.12680       37.25230         1940.0           20.0 
  BHZ              0            -90              1
GE.LHMI.                5.22880       96.94720            3.0            0.0 
  BHZ              0            -90              1
GT.CPUP.00            -26.33066      -57.33095           38.4           93.9 
  BHZ              0            -90              1
GT.DBIC.00              6.67016       -4.85656           25.0          100.0 
  BHZ              0            -90              1
IC.BJT.00              40.01830      116.16790          137.0           60.0 
  BHZ              0            -90              1
IC.HIA.00              49.27040      119.74140          620.0            0.0 
  BHZ              0            -90              1
IC.KMI.00              25.12330      102.74000         1940.0           35.0 
  BHZ              0            -90              1
IC.QIZ.00              19.02910      109.84450          240.0            0.0 
  BHZ              0            -90              1
IC.SSE.00              31.09480      121.19080           40.0            0.0 
  BHZ              0            -90              1
IC.WMQ.10              43.81380       87.70490          844.0            6.0 
  BHZ              0            -90              1
IC.XAN.10              34.03130      108.92370          630.0            0.0 
  BHZ              0            -90              1
II.AAK.00              42.63750       74.49420         1633.1           30.0 
  BHZ              0            -90              1
II.ABKT.00             37.93040       58.11890          678.0            7.0 
  BHZ              0            -90              1
II.ABPO.10            -19.01800       47.22900         1528.0            5.3 
  BHZ              0            -90              1
II.ALE.00              82.50330      -62.35000           60.0            0.0 
  BHZ              0            -90              1
II.ARU.00              56.43020       58.56250          250.0            0.0 
  BHZ              0            -90              1
II.FFC.00              54.72500     -101.97830          338.0            0.0 
  BHZ              0            -90              1
II.JTS.10              10.29080      -84.95250          340.0            0.0 
  BHZ              0            -90              1
II.KURK.00             50.71540       78.62020          184.0           25.0 
  BHZ              0            -90              1
II.MSEY.00             -4.67370       55.47920          475.0           91.0 
  BHZ              0            -90              1
II.TLY.00              51.68070      103.64380          579.0           20.0 
  BHZ              0            -90              1
IU.BBSR.00             32.37130      -64.69630           -1.3           31.4 
  BHZ              0            -90              1
IU.CHTO.10             18.81410       98.94430          420.0            0.0 
  BHZ              0            -90              1
IU.COR.00              44.58550     -123.30460          110.0            0.0 
  BHZ              0            -90              1
IU.DWPF.00             28.11030      -81.43270         -132.0          162.0 
  BHZ              0            -90              1
IU.INCN.10             37.47760      126.62390           79.0            1.0 
  BHZ              0            -90              1
IU.KBL.                34.54080       69.04320         1913.0            7.0 
  BHZ              0            -90              1
IU.LSZ.00             -15.27790       28.18820         1200.0            0.0 
  BHZ              0            -90              1
IU.OTAV.10              0.23760      -78.45080         3495.0           15.0 
  BHZ              0            -90              1
IU.PET.00              53.02330      158.64990          105.0            5.0 
  BHZ              0            -90              1
IU.RCBR.00             -5.82740      -35.90140          291.0          109.0 
  BHZ              0            -90              1
IU.SAML.10             -8.94890      -63.18310          120.0            0.0 
  BHZ              0            -90              1
IU.SDV.10               8.88390      -70.63400         1589.0           31.0 
  BHZ              0            -90              1
IU.SFJD.00             66.99610      -50.62076          330.0            0.0 
  BHZ              0            -90              1
IU.SSPA.10             40.63580      -77.88760          268.0            2.0 
  BHZ              0            -90              1
IU.TEIG.00             20.22630      -88.27630          -71.0          111.0 
  BHZ              0            -90              1
IU.TSUM.10            -19.20220       17.58380         1260.0            0.0 
  BHZ              0            -90              1
IU.ULN.00              47.86510      107.05320         1610.0            0.0 
  BHZ              0            -90              1
IU.WCI.00              38.22890      -86.29390           78.0          132.0 
  BHZ              0            -90              1
IU.YAK.00              62.03100      129.68050           96.0           14.0 
  BHZ              0            -90              1
JP.ASAJ.               44.11880      142.59300          220.0            0.0 
  BHZ              0            -90              1
KZ.AKTO.               50.43480       58.01640          379.0           65.0 
  BHZ              0            -90              1
MS.BTDF.                1.36080      103.77290           64.4            0.0 
  BHZ              0            -90              1
NO.JMIC.00             70.98660       -8.50570          161.0            0.0 
  BHZ              0            -90              1
US.EYMN.HR             47.94620      -91.49530          475.0            0.0 
  BHZ              0            -90              1
XW.MUKA.               14.48724       49.03779           38.0            0.0 
  BHZ              0            -90              1
ZF.ADYE.               13.63500       38.98110         1860.0            0.0 
  BHZ              0            -90              1
